0.72972972973
0.666666666667
0.734693877551
0.576923076923
0.849056603774
0.9375
0.757575757576
0.0
0.838709677419
0.76
0.653846153846
0.934640522876
0.692307692308
0.125
0.588235294118
0.666666666667
0.461538461538
0.848484848485
0.384615384615
0.75
0.885714285714
0.76
0.709677419355
0.5
0.636363636364
0.872340425532
0.678571428571
0.8125
0.655172413793
0.890243902439
0.771428571429
0.692307692308
0.844155844156
0.905660377358
0.590909090909
0.852941176471
0.875
0.666666666667
0.880952380952
0.555555555556
0.473684210526
0.0
0.0769230769231
0.933333333333
0.466666666667
0.294117647059
0.642857142857
0.894117647059
0.75
0.695652173913
0.84126984127
0.937037037037
0.893203883495
0.625
0.858695652174
0.526315789474
0.7
0.882352941176
0.905882352941
0.333333333333
0.653846153846
0.945355191257
0.897435897436
0.867647058824
0.133333333333
0.705882352941
0.8125
0.333333333333
0.75
0.363636363636
0.666666666667
0.6875
0.5
0.4
0.62962962963
0.75
0.454545454545
0.6
0.795918367347
0.910891089109
0.95
0.5
0.75
0.875
0.625
0.958333333333
0.764705882353
0.444444444444
0.857142857143
0.631578947368
0.8
0.761904761905
0.363636363636
0.809523809524
0.954545454545
0.272727272727
0.917525773196
0.714285714286
0.934640522876
0.854545454545
0.588235294118
0.849056603774
0.466666666667
0.470588235294
0.890909090909
0.851351351351
0.953703703704
0.888888888889
0.714285714286
0.4
0.876923076923
0.75
0.936708860759
0.642857142857
0.787234042553
0.741935483871
0.375
0.898734177215
0.444444444444
0.590909090909
0.0
0.333333333333
0.0909090909091
0.769230769231
0.923076923077
0.722222222222
0.809523809524
0.4375
0.222222222222
0.709677419355
0.9
0.872
0.805555555556
0.222222222222
0.8
0.526315789474
0.722222222222
0.867469879518
0.625
0.6875
0.5625
0.814814814815
0.9375
0.533333333333
0.846153846154
0.533333333333
0.83606557377
0.294117647059
0.166666666667
0.2
0.375
0.0
0.538461538462
0.937888198758
0.92125984252
0.653846153846
0.375
0.5
0.652173913043
0.862068965517
0.780487804878
0.787878787879
0.4
0.921739130435
0.678571428571
0.924242424242
0.4375
0.565217391304
0.55
0.333333333333
0.444444444444
0.848484848485
0.4375
0.880952380952
0.75
0.794871794872
0.454545454545
0.526315789474
0.857142857143
0.421052631579
0.899598393574
0.818181818182
0.807692307692
0.588235294118
0.538461538462
0.444444444444
0.772727272727
0.968085106383
0.888888888889
0.930555555556
0.5
0.8
0.954022988506
0.307692307692
0.428571428571
0.617647058824
0.727272727273
0.69696969697
0.907216494845
0.565217391304
0.705882352941
0.714285714286
0.764705882353
0.911504424779
0.780487804878
0.761904761905
0.5
0.777777777778
0.826086956522
0.214285714286
0.969387755102
0.0
0.647058823529
0.908045977011
0.533333333333
0.666666666667
0.8
0.824561403509
0.758620689655
0.125
0.711111111111
0.897727272727
0.942446043165
0.230769230769
0.307692307692
0.813953488372
0.592592592593
0.652173913043
0.625
0.5
0.375
0.780487804878
0.735294117647
0.703703703704
0.647058823529
0.470588235294
0.740740740741
0.222222222222
0.380952380952
0.9
0.111111111111
0.307692307692
0.653846153846
0.727272727273
0.924137931034
0.529411764706
0.3
0.681818181818
0.87012987013
0.375
0.545454545455
0.882352941176
0.25
0.884615384615
0.882352941176
0.846153846154
0.943396226415
0.708333333333
0.873417721519
0.684210526316
0.625
0.871794871795
0.89156626506
0.166666666667
0.375
0.724137931034
0.89898989899
0.816326530612
0.937062937063
0.72
0.864864864865
0.333333333333
0.795918367347
0.4
0.736842105263
0.844827586207
0.876288659794
0.5
0.884057971014
0.363636363636
0.878048780488
0.6
0.533333333333
0.836363636364
0.0
0.898734177215
0.852941176471
0.588235294118
0.285714285714
0.769230769231
0.802469135802
0.352941176471
0.8
0.775
0.333333333333
0.910714285714
0.0
0.949720670391
0.25
0.7
0.807692307692
0.782608695652
0.5
0.1
0.7
0.807692307692
0.854838709677
0.806451612903
0.444444444444
0.7
0.214285714286
0.795918367347
0.782608695652
0.714285714286
0.850746268657
0.533333333333
0.875
0.6
0.578947368421
0.3
0.953271028037
0.915887850467
0.913978494624
0.791666666667
0.416666666667
0.461538461538
0.703703703704
0.929032258065
0.1
0.5
0.6
0.864864864865
0.823529411765
0.735294117647
0.25
0.8
0.565217391304
0.695652173913
0.5
0.230769230769
0.705882352941
0.363636363636
0.947368421053
0.2
0.222222222222
0.363636363636
0.538461538462
0.898876404494
0.791666666667
0.166666666667
0.89247311828
0.666666666667
0.266666666667
0.69696969697
0.285714285714
0.555555555556
0.979899497487
0.5
0.526315789474
0.181818181818
0.912
0.818181818182
0.714285714286
0.68
0.859154929577
0.545454545455
0.833333333333
0.5
0.959090909091
0.333333333333
0.771428571429
0.0
0.652173913043
0.830188679245
0.709677419355
0.969491525424
0.4
0.843137254902
0.807692307692
0.884615384615
0.71875
0.545454545455
0.78125
0.757575757576
0.133333333333
0.785714285714
0.0
0.357142857143
0.96170212766
0.266666666667
0.652173913043
0.625
0.955882352941
0.953051643192
0.847222222222
0.966767371601
0.111111111111
0.878048780488
0.785714285714
0.611111111111
0.125
0.84375
0.948186528497
0.363636363636
0.230769230769
0.882352941176
0.838709677419
0.761904761905
0.533333333333
0.861111111111
0.852941176471
0.625
0.8
0.72
0.363636363636
0.565217391304
0.842105263158
0.652173913043
0.142857142857
0.473684210526
0.917808219178
0.859154929577
0.6875
0.89156626506
0.111111111111
0.836956521739
0.266666666667
0.74358974359
0.571428571429
0.920353982301
0.0833333333333
0.6
0.230769230769
0.545454545455
0.84126984127
0.789473684211
0.846153846154
0.816666666667
0.428571428571
0.730769230769
0.555555555556
0.6
0.907216494845
0.52380952381
0.705882352941
0.859154929577
0.84375
0.52380952381
0.823529411765
0.836363636364
0.166666666667
0.529411764706
0.153846153846
0.896551724138
0.0833333333333
0.388888888889
0.166666666667
0.8
0.588235294118
0.333333333333
0.818181818182
0.3
0.808510638298
0.838709677419
0.703703703704
0.533333333333
0.75
0.4375
0.932432432432
0.266666666667
0.5
0.619047619048
0.285714285714
0.677419354839
0.69696969697
0.8875
0.411764705882
0.5
0.924528301887
0.958174904943
0.625
0.803921568627
0.444444444444
0.4
0.5625
0.89552238806
0.772727272727
0.952380952381
0.769230769231
0.68
0.473684210526
0.88
0.181818181818
0.771428571429
0.724137931034
0.636363636364
0.0
0.807692307692
0.4
0.764705882353
0.941935483871
0.883720930233
0.9
0.5
0.816326530612
0.756756756757
0.555555555556
0.416666666667
0.64
0.9296875
0.689655172414
0.6
0.5
0.774193548387
0.894117647059
0.888888888889
0.272727272727
0.882352941176
0.739130434783
0.642857142857
0.444444444444
0.897435897436
0.912280701754
0.608695652174
0.785714285714
0.0909090909091
0.64
0.772727272727
0.851851851852
0.74358974359
0.388888888889
0.707317073171
0.896103896104
0.727272727273
0.730769230769
0.5
0.571428571429
0.4
0.666666666667
0.6
0.5625
0.892857142857
0.966887417219
0.0909090909091
0.222222222222
0.945355191257
0.285714285714
0.555555555556
0.583333333333
0.333333333333
0.571428571429
0.611111111111
0.681818181818
0.636363636364
0.958333333333
0.69696969697
0.5
0.887640449438
0.166666666667
0.878378378378
0.222222222222
0.833333333333
0.92523364486
0.894736842105
0.677419354839
0.444444444444
0.709677419355
0.898734177215
0.538461538462
0.588235294118
0.785714285714
0.529411764706
0.6875
0.333333333333
0.925925925926
0.878378378378
0.625
0.736842105263
0.578947368421
0.333333333333
0.959706959707
0.846153846154
0.766666666667
0.62962962963
0.0
0.565217391304
0.272727272727
0.25
0.222222222222
0.888888888889
0.94
0.932835820896
0.5
0.285714285714
0.611111111111
0.533333333333
0.466666666667
0.866666666667
0.607142857143
0.890410958904
0.333333333333
0.759259259259
0.677419354839
0.538461538462
0.846153846154
0.642857142857
0.8
0.3
0.541666666667
0.470588235294
0.25
0.444444444444
0.655172413793
0.814814814815
0.71875
0.953608247423
0.895833333333
0.333333333333
0.946808510638
0.755555555556
0.6
0.808510638298
0.428571428571
0.736842105263
0.75
0.285714285714
0.727272727273
0.384615384615
0.68
0.461538461538
0.571428571429
0.5
0.866666666667
0.4
0.818181818182
0.882352941176
0.166666666667
0.0
0.833333333333
0.653846153846
0.777777777778
0.571428571429
0.655172413793
0.785714285714
0.590909090909
0.681818181818
0.538461538462
0.692307692308
0.545454545455
0.861538461538
0.333333333333
0.272727272727
0.166666666667
0.333333333333
0.294117647059
0.837209302326
0.8875
0.625
0.837837837838
0.709677419355
0.214285714286
0.555555555556
0.565217391304
0.0
0.806451612903
0.428571428571
0.9
0.470588235294
0.695652173913
0.5
0.74358974359
0.720930232558
0.307692307692
0.272727272727
0.757575757576
0.714285714286
0.955
0.75
0.818181818182
0.4
0.473684210526
0.887323943662
0.411764705882
0.912280701754
0.727272727273
0.908256880734
0.555555555556
0.795454545455
0.6
0.666666666667
0.222222222222
0.76
0.363636363636
0.461538461538
0.941176470588
0.333333333333
0.764705882353
0.6875
0.852941176471
0.333333333333
0.8125
0.7
0.478260869565
0.5625
0.900523560209
0.689655172414
0.333333333333
0.307692307692
0.885057471264
0.307692307692
0.583333333333
0.826086956522
0.4
0.384615384615
0.363636363636
0.756097560976
0.590909090909
0.214285714286
0.3
0.857142857143
0.666666666667
0.166666666667
0.785714285714
0.538461538462
0.357142857143
0.782608695652
0.909090909091
0.8
0.859375
0.684210526316
0.615384615385
0.708333333333
0.794117647059
0.739130434783
0.529411764706
0.939393939394
0.5
0.756097560976
0.932773109244
0.541666666667
0.4
0.470588235294
0.444444444444
0.926470588235
0.885057471264
0.636363636364
0.685714285714
0.807692307692
0.590909090909
0.142857142857
0.703703703704
0.898876404494
0.827586206897
0.230769230769
0.929078014184
0.924369747899
0.615384615385
0.608695652174
0.6875
0.830508474576
0.807692307692
0.652173913043
0.758620689655
0.807692307692
0.886363636364
0.384615384615
0.741935483871
0.375
0.541666666667
0.758620689655
0.473684210526
0.967532467532
0.363636363636
0.454545454545
0.89247311828
0.285714285714
0.538461538462
0.864406779661
0.938271604938
0.914285714286
0.533333333333
0.731707317073
0.653846153846
0.714285714286
0.83606557377
0.473684210526
0.850746268657
0.925619834711
0.461538461538
0.0909090909091
0.90990990991
0.5
0.666666666667
0.891891891892
0.384615384615
0.538461538462
0.791666666667
0.803921568627
0.821428571429
0.829787234043
0.787234042553
0.886075949367
0.0
0.4
0.908256880734
0.4
0.588235294118
0.647058823529
0.541666666667
0.333333333333
0.625
0.772727272727
0.78125
0.868852459016
0.352941176471
0.90990990991
0.642857142857
0.181818181818
0.883720930233
0.625
0.875
0.855072463768
0.4
0.631578947368
0.816326530612
0.272727272727
0.25
0.52380952381
0.724137931034
0.811320754717
0.866666666667
0.555555555556
0.769230769231
0.868421052632
0.653846153846
0.953271028037
0.5
0.6
0.75
0.4375
0.466666666667
0.571428571429
0.416666666667
0.876923076923
0.5
0.875
0.538461538462
0.911111111111
0.823529411765
0.883720930233
0.166666666667
0.5
0.730769230769
0.411764705882
0.904761904762
0.3
0.142857142857
0.767441860465
0.470588235294
0.952380952381
0.918181818182
0.941860465116
0.931034482759
0.0
0.636363636364
0.5
0.4
0.8
0.6875
0.857142857143
0.933333333333
0.71875
0.809523809524
0.827586206897
0.80487804878
0.727272727273
0.571428571429
0.7
0.806451612903
0.555555555556
0.895424836601
0.4375
0.272727272727
0.444444444444
0.307692307692
0.767441860465
0.892857142857
0.756097560976
0.1
0.703703703704
0.181818181818
0.887323943662
0.852941176471
0.915254237288
0.653846153846
0.214285714286
0.65
0.375
0.761904761905
0.1
0.5
0.583333333333
0.78125
0.571428571429
0.533333333333
0.3125
0.757575757576
0.8
0.923664122137
0.388888888889
0.333333333333
0.923664122137
0.783783783784
0.181818181818
0.666666666667
0.333333333333
0.166666666667
0.357142857143
0.3125
0.307692307692
0.859649122807
0.111111111111
0.782608695652
0.758620689655
0.898734177215
0.363636363636
0.363636363636
0.824561403509
0.620689655172
0.869047619048
0.25
0.785714285714
0.6
0.804347826087
0.617647058824
0.772727272727
0.849056603774
0.836734693878
0.533333333333
0.853333333333
0.920634920635
0.851851851852
0.941176470588
0.724137931034
0.777777777778
0.428571428571
0.917525773196
0.882352941176
0.818181818182
0.5
0.854166666667
0.578947368421
0.767441860465
0.709677419355
0.921052631579
0.934640522876
0.861538461538
0.781818181818
0.8
0.444444444444
0.666666666667
0.375
0.808510638298
0.764705882353
0.851851851852
0.4375
0.428571428571
0.833333333333
0.45
0.333333333333
0.4
0.529411764706
0.902173913043
0.444444444444
0.807692307692
0.896103896104
0.285714285714
0.923076923077
0.906474820144
0.526315789474
0.833333333333
0.8125
0.444444444444
0.927419354839
0.742857142857
0.5
0.583333333333
0.2
0.4375
0.836363636364
0.0
0.416666666667
0.792452830189
0.5625
0.666666666667
0.363636363636
0.333333333333
0.333333333333
0.899159663866
0.68
0.714285714286
0.84375
0.421052631579
0.615384615385
0.756097560976
0.884057971014
0.647058823529
0.3
0.733333333333
0.9
0.428571428571
0.375
0.733333333333
0.708333333333
0.730769230769
0.333333333333
0.678571428571
0.705882352941
0.607142857143
0.4375
0.78125
0.71875
0.918918918919
0.918181818182
0.5
0.611111111111
0.363636363636
0.791666666667
0.333333333333
0.897435897436
0.722222222222
0.25
0.892857142857
0.876712328767
0.795454545455
0.461538461538
0.4375
0.736842105263
0.930555555556
0.881118881119
0.722222222222
0.922480620155
0.2
0.307692307692
0.75
0.8
0.837837837838
0.647058823529
0.153846153846
0.724137931034
0.692307692308
0.684210526316
0.826923076923
0.911290322581
0.910891089109
0.5
0.166666666667
