0.477477477477
0.259259259259
0.319727891156
0.269230769231
0.547169811321
0.6125
0.484848484848
0.0
0.586021505376
0.466666666667
0.435897435897
0.392156862745
0.474358974359
0.0833333333333
0.392156862745
0.425925925926
0.25641025641
0.409090909091
0.25641025641
0.317708333333
0.6
0.333333333333
0.440860215054
0.309523809524
0.257575757576
0.393617021277
0.452380952381
0.572916666667
0.275862068966
0.540650406504
0.542857142857
0.461538461538
0.398268398268
0.559748427673
0.242424242424
0.514705882353
0.5625
0.315789473684
0.333333333333
0.37037037037
0.228070175439
0.0
0.0512820512821
0.64
0.266666666667
0.176470588235
0.452380952381
0.61568627451
0.5
0.478260869565
0.412698412698
0.376543209877
0.423948220065
0.416666666667
0.344202898551
0.210526315789
0.444444444444
0.580392156863
0.38431372549
0.222222222222
0.397435897436
0.59927140255
0.559829059829
0.558823529412
0.111111111111
0.470588235294
0.510416666667
0.12962962963
0.452380952381
0.272727272727
0.407407407407
0.447916666667
0.183333333333
0.333333333333
0.358024691358
0.5
0.166666666667
0.4
0.517006802721
0.633663366337
0.635185185185
0.333333333333
0.483333333333
0.541666666667
0.260416666667
0.62037037037
0.392156862745
0.296296296296
0.511904761905
0.280701754386
0.386666666667
0.492063492063
0.181818181818
0.328042328042
0.597643097643
0.121212121212
0.580756013746
0.47619047619
0.59477124183
0.363636363636
0.352941176471
0.547169811321
0.266666666667
0.372549019608
0.630303030303
0.387387387387
0.587962962963
0.566666666667
0.464285714286
0.3
0.379487179487
0.452380952381
0.588607594937
0.440476190476
0.468085106383
0.483870967742
0.25
0.582278481013
0.259259259259
0.212121212121
0.0
0.155555555556
0.0606060606061
0.487179487179
0.574358974359
0.314814814815
0.507936507937
0.145833333333
0.148148148148
0.451612903226
0.574074074074
0.402666666667
0.527777777778
0.148148148148
0.493333333333
0.210526315789
0.425925925926
0.349397590361
0.395833333333
0.427083333333
0.229166666667
0.561728395062
0.5875
0.355555555556
0.555555555556
0.311111111111
0.530054644809
0.196078431373
0.111111111111
0.133333333333
0.25
0.0
0.333333333333
0.643892339545
0.569553805774
0.384615384615
0.1875
0.291666666667
0.420289855072
0.591954022989
0.512195121951
0.535353535354
0.266666666667
0.646376811594
0.297619047619
0.621212121212
0.208333333333
0.405797101449
0.316666666667
0.222222222222
0.259259259259
0.555555555556
0.291666666667
0.515873015873
0.333333333333
0.367521367521
0.30303030303
0.333333333333
0.604761904762
0.298245614035
0.392235609103
0.515151515152
0.551282051282
0.333333333333
0.282051282051
0.296296296296
0.325757575758
0.663120567376
0.592592592593
0.592592592593
0.296296296296
0.48
0.458492975734
0.205128205128
0.285714285714
0.245098039216
0.30303030303
0.444444444444
0.570446735395
0.376811594203
0.450980392157
0.466666666667
0.5
0.607669616519
0.536585365854
0.5
0.333333333333
0.456790123457
0.405797101449
0.142857142857
0.613378684807
0.0
0.392156862745
0.425287356322
0.377777777778
0.428571428571
0.52
0.543859649123
0.448275862069
0.0416666666667
0.340740740741
0.537878787879
0.601918465228
0.179487179487
0.102564102564
0.53488372093
0.407407407407
0.405797101449
0.430555555556
0.363636363636
0.208333333333
0.552845528455
0.460784313725
0.456790123457
0.450980392157
0.235294117647
0.469135802469
0.111111111111
0.269841269841
0.566666666667
0.0740740740741
0.102564102564
0.448717948718
0.454545454545
0.441379310345
0.352941176471
0.2
0.424242424242
0.549783549784
0.208333333333
0.318181818182
0.529411764706
0.166666666667
0.555555555556
0.558823529412
0.525641025641
0.61215932914
0.319444444444
0.573839662447
0.456140350877
0.354166666667
0.598290598291
0.55421686747
0.111111111111
0.25
0.310344827586
0.616161616162
0.408163265306
0.594405594406
0.32
0.531531531532
0.203703703704
0.544217687075
0.244444444444
0.491228070175
0.5
0.353951890034
0.307692307692
0.584541062802
0.272727272727
0.544715447154
0.433333333333
0.355555555556
0.50303030303
0.0
0.586497890295
0.558823529412
0.392156862745
0.142857142857
0.504273504274
0.304526748971
0.137254901961
0.508333333333
0.408333333333
0.222222222222
0.598214285714
0.0
0.446927374302
0.208333333333
0.311111111111
0.5
0.492753623188
0.366666666667
0.0666666666667
0.322222222222
0.333333333333
0.516129032258
0.52688172043
0.296296296296
0.4
0.0714285714286
0.387755102041
0.492753623188
0.321428571429
0.532338308458
0.377777777778
0.572916666667
0.433333333333
0.421052631579
0.166666666667
0.591900311526
0.442367601246
0.383512544803
0.555555555556
0.194444444444
0.307692307692
0.456790123457
0.445161290323
0.0666666666667
0.285714285714
0.4
0.531531531532
0.516339869281
0.480392156863
0.138888888889
0.566666666667
0.36231884058
0.449275362319
0.208333333333
0.179487179487
0.352941176471
0.151515151515
0.594541910331
0.1
0.111111111111
0.212121212121
0.333333333333
0.576779026217
0.486111111111
0.111111111111
0.569892473118
0.358024691358
0.111111111111
0.444444444444
0.166666666667
0.320987654321
0.673366834171
0.270833333333
0.263157894737
0.151515151515
0.44
0.521212121212
0.444444444444
0.4
0.535211267606
0.181818181818
0.574074074074
0.309523809524
0.613636363636
0.222222222222
0.504761904762
0.0
0.449275362319
0.496855345912
0.462365591398
0.622598870056
0.3
0.581699346405
0.403846153846
0.426282051282
0.3125
0.363636363636
0.385416666667
0.464646464646
0.111111111111
0.488095238095
0.0
0.238095238095
0.605673758865
0.155555555556
0.420289855072
0.388888888889
0.611111111111
0.611893583725
0.361111111111
0.449144008056
0.037037037037
0.548780487805
0.464285714286
0.425925925926
0.125
0.567708333333
0.614853195164
0.242424242424
0.153846153846
0.612745098039
0.376344086022
0.492063492063
0.355555555556
0.564814814815
0.544117647059
0.229166666667
0.451851851852
0.426666666667
0.242424242424
0.347826086957
0.570175438596
0.449275362319
0.047619047619
0.19298245614
0.625570776256
0.549295774648
0.46875
0.530120481928
0.0740740740741
0.369565217391
0.111111111111
0.444444444444
0.428571428571
0.569321533923
0.0555555555556
0.413333333333
0.153846153846
0.348484848485
0.492063492063
0.473684210526
0.512820512821
0.372222222222
0.261904761905
0.461538461538
0.333333333333
0.346666666667
0.567010309278
0.222222222222
0.323529411765
0.572769953052
0.541666666667
0.190476190476
0.509803921569
0.515151515152
0.111111111111
0.352941176471
0.0512820512821
0.616858237548
0.0277777777778
0.277777777778
0.0833333333333
0.483333333333
0.372549019608
0.222222222222
0.521212121212
0.2
0.475177304965
0.41935483871
0.469135802469
0.333333333333
0.490740740741
0.270833333333
0.646396396396
0.155555555556
0.194444444444
0.412698412698
0.166666666667
0.462365591398
0.40404040404
0.558333333333
0.274509803922
0.291666666667
0.566037735849
0.441064638783
0.402777777778
0.509803921569
0.277777777778
0.266666666667
0.354166666667
0.577114427861
0.507575757576
0.589065255732
0.461538461538
0.333333333333
0.245614035088
0.622222222222
0.121212121212
0.542857142857
0.459770114943
0.363636363636
0.0
0.50641025641
0.244444444444
0.28431372549
0.602150537634
0.604651162791
0.581481481481
0.316666666667
0.340136054422
0.45045045045
0.351851851852
0.138888888889
0.4
0.606770833333
0.402298850575
0.373333333333
0.238095238095
0.516129032258
0.427450980392
0.518518518519
0.181818181818
0.564705882353
0.434782608696
0.380952380952
0.185185185185
0.636752136752
0.593567251462
0.275362318841
0.5
0.0606060606061
0.413333333333
0.492424242424
0.388888888889
0.470085470085
0.259259259259
0.357723577236
0.536796536797
0.469696969697
0.461538461538
0.333333333333
0.380952380952
0.222222222222
0.407407407407
0.366666666667
0.4375
0.440476190476
0.657836644592
0.030303030303
0.148148148148
0.648451730419
0.238095238095
0.407407407407
0.388888888889
0.25
0.269841269841
0.407407407407
0.454545454545
0.424242424242
0.606481481481
0.434343434343
0.277777777778
0.561797752809
0.0833333333333
0.558558558559
0.148148148148
0.533333333333
0.629283489097
0.622807017544
0.279569892473
0.296296296296
0.290322580645
0.590717299578
0.333333333333
0.392156862745
0.52380952381
0.333333333333
0.4375
0.222222222222
0.583333333333
0.436936936937
0.229166666667
0.526315789474
0.40350877193
0.133333333333
0.452991452991
0.512820512821
0.533333333333
0.407407407407
0.0
0.333333333333
0.181818181818
0.166666666667
0.148148148148
0.560846560847
0.606666666667
0.592039800995
0.333333333333
0.190476190476
0.425925925926
0.177777777778
0.288888888889
0.52
0.22619047619
0.570776255708
0.194444444444
0.308641975309
0.41935483871
0.384615384615
0.512820512821
0.428571428571
0.511111111111
0.2
0.361111111111
0.294117647059
0.166666666667
0.185185185185
0.425287356322
0.345679012346
0.46875
0.604810996564
0.579861111111
0.222222222222
0.597517730496
0.377777777778
0.366666666667
0.36170212766
0.285714285714
0.456140350877
0.486111111111
0.142857142857
0.439393939394
0.205128205128
0.293333333333
0.307692307692
0.349206349206
0.354166666667
0.404444444444
0.266666666667
0.484848484848
0.553921568627
0.138888888889
0.0
0.541666666667
0.294871794872
0.5
0.357142857143
0.425287356322
0.488095238095
0.378787878788
0.409090909091
0.205128205128
0.282051282051
0.333333333333
0.384615384615
0.222222222222
0.181818181818
0.0833333333333
0.138888888889
0.176470588235
0.53488372093
0.604166666667
0.395833333333
0.558558558559
0.47311827957
0.142857142857
0.351851851852
0.253623188406
0.0
0.516129032258
0.333333333333
0.366666666667
0.254901960784
0.434782608696
0.203703703704
0.487179487179
0.31007751938
0.179487179487
0.121212121212
0.525252525253
0.452380952381
0.605
0.430555555556
0.5
0.222222222222
0.298245614035
0.572769953052
0.254901960784
0.631578947368
0.434343434343
0.391437308869
0.407407407407
0.530303030303
0.316666666667
0.444444444444
0.111111111111
0.466666666667
0.151515151515
0.307692307692
0.583877995643
0.222222222222
0.333333333333
0.4375
0.529411764706
0.222222222222
0.291666666667
0.455555555556
0.304347826087
0.416666666667
0.387434554974
0.402298850575
0.222222222222
0.153846153846
0.532567049808
0.128205128205
0.236111111111
0.528985507246
0.222222222222
0.25641025641
0.181818181818
0.512195121951
0.333333333333
0.166666666667
0.2
0.511904761905
0.466666666667
0.0833333333333
0.555555555556
0.25641025641
0.166666666667
0.492753623188
0.390909090909
0.466666666667
0.572916666667
0.421052631579
0.269230769231
0.333333333333
0.480392156863
0.463768115942
0.313725490196
0.60202020202
0.333333333333
0.30081300813
0.638655462185
0.347222222222
0.2
0.352941176471
0.333333333333
0.588235294118
0.536398467433
0.424242424242
0.247619047619
0.544871794872
0.378787878788
0.047619047619
0.333333333333
0.550561797753
0.563218390805
0.153846153846
0.645390070922
0.560224089636
0.435897435897
0.420289855072
0.427083333333
0.542372881356
0.512820512821
0.376811594203
0.413793103448
0.551282051282
0.564393939394
0.205128205128
0.462365591398
0.270833333333
0.333333333333
0.51724137931
0.245614035088
0.617965367965
0.212121212121
0.30303030303
0.58064516129
0.166666666667
0.307692307692
0.542372881356
0.606995884774
0.587301587302
0.333333333333
0.479674796748
0.423076923077
0.460317460317
0.349726775956
0.315789473684
0.547263681592
0.561983471074
0.205128205128
0.0606060606061
0.543543543544
0.333333333333
0.271604938272
0.567567567568
0.282051282051
0.358974358974
0.513888888889
0.346405228758
0.535714285714
0.581560283688
0.482269503546
0.569620253165
0.0
0.266666666667
0.590214067278
0.222222222222
0.254901960784
0.235294117647
0.388888888889
0.177777777778
0.236111111111
0.469696969697
0.385416666667
0.601092896175
0.196078431373
0.594594594595
0.404761904762
0.121212121212
0.562015503876
0.4375
0.588541666667
0.6038647343
0.266666666667
0.385964912281
0.482993197279
0.0909090909091
0.125
0.285714285714
0.459770114943
0.509433962264
0.544444444444
0.296296296296
0.478632478632
0.548245614035
0.423076923077
0.619937694704
0.316666666667
0.426666666667
0.479166666667
0.291666666667
0.266666666667
0.333333333333
0.305555555556
0.528205128205
0.318181818182
0.409090909091
0.384615384615
0.559259259259
0.519607843137
0.542635658915
0.0833333333333
0.316666666667
0.435897435897
0.274509803922
0.593650793651
0.2
0.0952380952381
0.480620155039
0.196078431373
0.606701940035
0.563636363636
0.606589147287
0.586206896552
0.0
0.30303030303
0.375
0.283333333333
0.504761904762
0.416666666667
0.511904761905
0.582716049383
0.447916666667
0.531746031746
0.580459770115
0.520325203252
0.469696969697
0.357142857143
0.488888888889
0.376344086022
0.37037037037
0.374727668845
0.270833333333
0.0909090909091
0.185185185185
0.128205128205
0.441860465116
0.599206349206
0.430894308943
0.1
0.407407407407
0.0606060606061
0.56338028169
0.519607843137
0.576271186441
0.410256410256
0.142857142857
0.416666666667
0.145833333333
0.349206349206
0.0333333333333
0.357142857143
0.361111111111
0.541666666667
0.380952380952
0.222222222222
0.229166666667
0.474747474747
0.522222222222
0.590330788804
0.277777777778
0.133333333333
0.562340966921
0.513513513514
0.121212121212
0.462962962963
0.185185185185
0.111111111111
0.190476190476
0.166666666667
0.128205128205
0.555555555556
0.037037037037
0.594202898551
0.48275862069
0.616033755274
0.212121212121
0.272727272727
0.491228070175
0.310344827586
0.357142857143
0.166666666667
0.547619047619
0.4
0.557971014493
0.294117647059
0.469696969697
0.389937106918
0.544217687075
0.333333333333
0.386666666667
0.589947089947
0.586419753086
0.650980392157
0.459770114943
0.555555555556
0.285714285714
0.625429553265
0.607843137255
0.505050505051
0.2
0.368055555556
0.368421052632
0.31007751938
0.47311827957
0.56432748538
0.59477124183
0.34358974359
0.327272727273
0.5
0.333333333333
0.425925925926
0.208333333333
0.524822695035
0.392156862745
0.617283950617
0.229166666667
0.238095238095
0.5
0.3
0.25
0.177777777778
0.352941176471
0.365942028986
0.148148148148
0.448717948718
0.619047619048
0.0952380952381
0.594871794872
0.378896882494
0.228070175439
0.530864197531
0.5
0.296296296296
0.591397849462
0.485714285714
0.333333333333
0.388888888889
0.1
0.270833333333
0.50303030303
0.0
0.25
0.358490566038
0.333333333333
0.277777777778
0.242424242424
0.203703703704
0.185185185185
0.428571428571
0.44
0.314285714286
0.552083333333
0.315789473684
0.435897435897
0.50406504065
0.550724637681
0.43137254902
0.166666666667
0.5
0.540740740741
0.206349206349
0.1875
0.444444444444
0.486111111111
0.307692307692
0.185185185185
0.297619047619
0.274509803922
0.285714285714
0.3125
0.489583333333
0.447916666667
0.558558558559
0.639393939394
0.266666666667
0.259259259259
0.242424242424
0.444444444444
0.2
0.559829059829
0.472222222222
0.125
0.559523809524
0.543378995434
0.356060606061
0.25641025641
0.145833333333
0.333333333333
0.576388888889
0.400932400932
0.5
0.59173126615
0.133333333333
0.179487179487
0.430555555556
0.475
0.540540540541
0.411764705882
0.0769230769231
0.32183908046
0.461538461538
0.254385964912
0.487179487179
0.435483870968
0.580858085809
0.366666666667
0.0555555555556
