0.495495495495
0.240740740741
0.56462585034
0.358974358974
0.528301886792
0.383333333333
0.515151515152
0.0
0.569892473118
0.506666666667
0.435897435897
0.60348583878
0.474358974359
0.0416666666667
0.411764705882
0.425925925926
0.25641025641
0.580808080808
0.25641025641
0.34375
0.609523809524
0.333333333333
0.440860215054
0.309523809524
0.272727272727
0.386524822695
0.440476190476
0.583333333333
0.494252873563
0.569105691057
0.561904761905
0.487179487179
0.549783549784
0.566037735849
0.257575757576
0.519607843137
0.546875
0.543859649123
0.595238095238
0.37037037037
0.333333333333
0.0
0.025641025641
0.426666666667
0.288888888889
0.176470588235
0.47619047619
0.61568627451
0.5
0.478260869565
0.402116402116
0.617283950617
0.349514563107
0.416666666667
0.36231884058
0.228070175439
0.488888888889
0.592156862745
0.407843137255
0.222222222222
0.435897435897
0.619307832423
0.58547008547
0.56862745098
0.111111111111
0.470588235294
0.5
0.222222222222
0.488095238095
0.272727272727
0.407407407407
0.395833333333
0.15
0.333333333333
0.382716049383
0.489583333333
0.181818181818
0.426666666667
0.312925170068
0.646864686469
0.585185185185
0.333333333333
0.516666666667
0.604166666667
0.270833333333
0.618827160494
0.529411764706
0.296296296296
0.52380952381
0.228070175439
0.306666666667
0.492063492063
0.181818181818
0.328042328042
0.592592592593
0.121212121212
0.381443298969
0.507936507937
0.592592592593
0.557575757576
0.333333333333
0.51572327044
0.266666666667
0.254901960784
0.648484848485
0.576576576577
0.618827160494
0.581481481481
0.488095238095
0.266666666667
0.548717948718
0.488095238095
0.592827004219
0.440476190476
0.510638297872
0.47311827957
0.25
0.544303797468
0.259259259259
0.212121212121
0.0
0.222222222222
0.0606060606061
0.470085470085
0.569230769231
0.444444444444
0.563492063492
0.333333333333
0.148148148148
0.451612903226
0.562962962963
0.653333333333
0.537037037037
0.111111111111
0.466666666667
0.245614035088
0.444444444444
0.538152610442
0.416666666667
0.447916666667
0.395833333333
0.512345679012
0.591666666667
0.333333333333
0.547008547009
0.333333333333
0.349726775956
0.21568627451
0.111111111111
0.166666666667
0.25
0.0
0.358974358974
0.643892339545
0.58530183727
0.410256410256
0.229166666667
0.291666666667
0.434782608696
0.597701149425
0.520325203252
0.555555555556
0.266666666667
0.64347826087
0.333333333333
0.590909090909
0.3125
0.420289855072
0.383333333333
0.194444444444
0.259259259259
0.545454545455
0.3125
0.531746031746
0.333333333333
0.538461538462
0.333333333333
0.315789473684
0.557142857143
0.315789473684
0.647925033467
0.555555555556
0.564102564103
0.352941176471
0.307692307692
0.259259259259
0.356060606061
0.651300236407
0.606481481481
0.599537037037
0.351851851852
0.48
0.42656449553
0.205128205128
0.309523809524
0.28431372549
0.348484848485
0.464646464646
0.59793814433
0.347826086957
0.274509803922
0.304761904762
0.5
0.610619469027
0.544715447154
0.484126984127
0.333333333333
0.493827160494
0.594202898551
0.142857142857
0.622448979592
0.0
0.392156862745
0.628352490421
0.355555555556
0.444444444444
0.506666666667
0.508771929825
0.287356321839
0.0833333333333
0.362962962963
0.575757575758
0.606714628297
0.179487179487
0.153846153846
0.333333333333
0.395061728395
0.420289855072
0.458333333333
0.348484848485
0.125
0.552845528455
0.441176470588
0.456790123457
0.392156862745
0.235294117647
0.506172839506
0.0740740740741
0.269841269841
0.583333333333
0.0740740740741
0.153846153846
0.461538461538
0.484848484848
0.416091954023
0.372549019608
0.2
0.469696969697
0.5670995671
0.25
0.333333333333
0.525490196078
0.166666666667
0.363247863248
0.563725490196
0.564102564103
0.599580712788
0.527777777778
0.556962025316
0.456140350877
0.395833333333
0.606837606838
0.582329317269
0.138888888889
0.270833333333
0.310344827586
0.609427609428
0.503401360544
0.592074592075
0.333333333333
0.567567567568
0.203703703704
0.517006802721
0.222222222222
0.491228070175
0.51724137931
0.573883161512
0.333333333333
0.570048309179
0.242424242424
0.532520325203
0.433333333333
0.333333333333
0.521212121212
0.0
0.616033755274
0.56862745098
0.411764705882
0.190476190476
0.521367521368
0.543209876543
0.274509803922
0.516666666667
0.391666666667
0.222222222222
0.604166666667
0.0
0.43947858473
0.166666666667
0.333333333333
0.525641025641
0.478260869565
0.333333333333
0.0333333333333
0.433333333333
0.346153846154
0.532258064516
0.548387096774
0.259259259259
0.45
0.142857142857
0.374149659864
0.507246376812
0.333333333333
0.358208955224
0.422222222222
0.583333333333
0.433333333333
0.421052631579
0.166666666667
0.392523364486
0.439252336449
0.388888888889
0.555555555556
0.277777777778
0.333333333333
0.41975308642
0.432258064516
0.0333333333333
0.190476190476
0.433333333333
0.563063063063
0.529411764706
0.294117647059
0.138888888889
0.56
0.31884057971
0.405797101449
0.1875
0.179487179487
0.274509803922
0.151515151515
0.651072124756
0.166666666667
0.111111111111
0.212121212121
0.205128205128
0.588014981273
0.486111111111
0.138888888889
0.365591397849
0.234567901235
0.133333333333
0.444444444444
0.142857142857
0.333333333333
0.661641541039
0.3125
0.210526315789
0.151515151515
0.442666666667
0.527272727273
0.412698412698
0.44
0.530516431925
0.333333333333
0.33950617284
0.285714285714
0.607575757576
0.222222222222
0.514285714286
0.0
0.376811594203
0.534591194969
0.505376344086
0.625988700565
0.3
0.59477124183
0.403846153846
0.426282051282
0.5
0.333333333333
0.354166666667
0.494949494949
0.111111111111
0.547619047619
0.0
0.214285714286
0.618439716312
0.155555555556
0.391304347826
0.402777777778
0.588235294118
0.615023474178
0.347222222222
0.436052366566
0.037037037037
0.577235772358
0.52380952381
0.407407407407
0.125
0.572916666667
0.607944732297
0.242424242424
0.153846153846
0.617647058824
0.569892473118
0.492063492063
0.4
0.560185185185
0.549019607843
0.395833333333
0.474074074074
0.413333333333
0.242424242424
0.376811594203
0.587719298246
0.449275362319
0.0952380952381
0.210526315789
0.424657534247
0.389671361502
0.479166666667
0.550200803213
0.0740740740741
0.373188405797
0.155555555556
0.470085470085
0.404761904762
0.557522123894
0.0277777777778
0.44
0.153846153846
0.333333333333
0.534391534392
0.535087719298
0.547008547009
0.366666666667
0.261904761905
0.461538461538
0.222222222222
0.4
0.556701030928
0.349206349206
0.5
0.582159624413
0.375
0.174603174603
0.542483660131
0.539393939394
0.111111111111
0.313725490196
0.102564102564
0.624521072797
0.0833333333333
0.259259259259
0.111111111111
0.5
0.411764705882
0.2
0.321212121212
0.233333333333
0.496453900709
0.564516129032
0.469135802469
0.355555555556
0.490740740741
0.270833333333
0.646396396396
0.133333333333
0.333333333333
0.444444444444
0.214285714286
0.462365591398
0.434343434343
0.533333333333
0.274509803922
0.375
0.603773584906
0.433460076046
0.388888888889
0.529411764706
0.296296296296
0.266666666667
0.395833333333
0.577114427861
0.522727272727
0.599647266314
0.487179487179
0.266666666667
0.350877192982
0.617777777778
0.151515151515
0.552380952381
0.287356321839
0.409090909091
0.0
0.512820512821
0.266666666667
0.303921568627
0.608602150538
0.546511627907
0.555555555556
0.35
0.537414965986
0.333333333333
0.37037037037
0.138888888889
0.4
0.588541666667
0.379310344828
0.373333333333
0.309523809524
0.548387096774
0.427450980392
0.537037037037
0.212121212121
0.572549019608
0.434782608696
0.464285714286
0.296296296296
0.41452991453
0.602339181287
0.449275362319
0.547619047619
0.0606060606061
0.386666666667
0.515151515152
0.395061728395
0.470085470085
0.240740740741
0.365853658537
0.580086580087
0.439393939394
0.487179487179
0.3125
0.380952380952
0.222222222222
0.444444444444
0.4
0.208333333333
0.404761904762
0.669977924945
0.030303030303
0.148148148148
0.608378870674
0.238095238095
0.388888888889
0.444444444444
0.222222222222
0.253968253968
0.407407407407
0.272727272727
0.454545454545
0.615740740741
0.434343434343
0.222222222222
0.573033707865
0.138888888889
0.554054054054
0.185185185185
0.55
0.395638629283
0.592105263158
0.494623655914
0.296296296296
0.451612903226
0.582278481013
0.307692307692
0.392156862745
0.52380952381
0.313725490196
0.416666666667
0.166666666667
0.595679012346
0.418918918919
0.302083333333
0.508771929825
0.40350877193
0.2
0.60927960928
0.538461538462
0.544444444444
0.41975308642
0.0
0.31884057971
0.181818181818
0.166666666667
0.222222222222
0.57671957672
0.608888888889
0.614427860697
0.291666666667
0.190476190476
0.425925925926
0.355555555556
0.311111111111
0.351111111111
0.404761904762
0.561643835616
0.25
0.382716049383
0.41935483871
0.358974358974
0.576923076923
0.285714285714
0.522222222222
0.233333333333
0.375
0.196078431373
0.166666666667
0.185185185185
0.448275862069
0.320987654321
0.489583333333
0.40206185567
0.579861111111
0.222222222222
0.61170212766
0.362962962963
0.233333333333
0.531914893617
0.309523809524
0.456140350877
0.513888888889
0.166666666667
0.5
0.179487179487
0.293333333333
0.333333333333
0.365079365079
0.395833333333
0.382222222222
0.4
0.505050505051
0.56862745098
0.138888888889
0.0
0.513888888889
0.435897435897
0.481481481481
0.357142857143
0.459770114943
0.535714285714
0.378787878788
0.469696969697
0.205128205128
0.358974358974
0.363636363636
0.6
0.185185185185
0.181818181818
0.138888888889
0.194444444444
0.117647058824
0.53488372093
0.625
0.375
0.54954954955
0.494623655914
0.142857142857
0.388888888889
0.492753623188
0.0
0.505376344086
0.190476190476
0.607407407407
0.333333333333
0.478260869565
0.388888888889
0.495726495726
0.317829457364
0.205128205128
0.121212121212
0.545454545455
0.440476190476
0.626666666667
0.486111111111
0.515151515152
0.222222222222
0.298245614035
0.553990610329
0.235294117647
0.634502923977
0.414141414141
0.379204892966
0.407407407407
0.507575757576
0.383333333333
0.444444444444
0.148148148148
0.48
0.272727272727
0.307692307692
0.607843137255
0.185185185185
0.56862745098
0.25
0.563725490196
0.222222222222
0.541666666667
0.455555555556
0.304347826087
0.395833333333
0.392670157068
0.413793103448
0.222222222222
0.205128205128
0.570881226054
0.153846153846
0.375
0.550724637681
0.222222222222
0.25641025641
0.151515151515
0.512195121951
0.333333333333
0.142857142857
0.2
0.559523809524
0.466666666667
0.138888888889
0.539682539683
0.435897435897
0.285714285714
0.514492753623
0.39696969697
0.533333333333
0.5625
0.438596491228
0.307692307692
0.333333333333
0.509803921569
0.492753623188
0.333333333333
0.406060606061
0.351851851852
0.308943089431
0.63025210084
0.333333333333
0.133333333333
0.352941176471
0.148148148148
0.588235294118
0.551724137931
0.409090909091
0.457142857143
0.544871794872
0.393939393939
0.047619047619
0.481481481481
0.569288389513
0.574712643678
0.153846153846
0.643026004728
0.56862745098
0.230769230769
0.434782608696
0.40625
0.553672316384
0.532051282051
0.420289855072
0.459770114943
0.557692307692
0.57196969697
0.282051282051
0.462365591398
0.291666666667
0.25
0.540229885057
0.228070175439
0.634199134199
0.242424242424
0.333333333333
0.594982078853
0.190476190476
0.333333333333
0.559322033898
0.604938271605
0.577777777778
0.355555555556
0.479674796748
0.461538461538
0.492063492063
0.562841530055
0.350877192982
0.532338308458
0.584022038567
0.205128205128
0.0606060606061
0.546546546547
0.357142857143
0.271604938272
0.576576576577
0.25641025641
0.384615384615
0.527777777778
0.562091503268
0.52380952381
0.567375886525
0.524822695035
0.569620253165
0.0
0.233333333333
0.373088685015
0.244444444444
0.411764705882
0.235294117647
0.375
0.2
0.263888888889
0.348484848485
0.333333333333
0.590163934426
0.21568627451
0.603603603604
0.404761904762
0.121212121212
0.577519379845
0.416666666667
0.609375
0.594202898551
0.3
0.385964912281
0.496598639456
0.242424242424
0.166666666667
0.285714285714
0.471264367816
0.51572327044
0.577777777778
0.296296296296
0.290598290598
0.535087719298
0.461538461538
0.409657320872
0.316666666667
0.413333333333
0.510416666667
0.291666666667
0.311111111111
0.333333333333
0.305555555556
0.307692307692
0.287878787879
0.416666666667
0.384615384615
0.581481481481
0.519607843137
0.573643410853
0.0555555555556
0.333333333333
0.448717948718
0.274509803922
0.574603174603
0.2
0.0952380952381
0.511627906977
0.176470588235
0.611992945326
0.566666666667
0.583333333333
0.590804597701
0.0
0.257575757576
0.375
0.3
0.542857142857
0.416666666667
0.535714285714
0.58024691358
0.46875
0.52380952381
0.591954022989
0.520325203252
0.318181818182
0.380952380952
0.488888888889
0.569892473118
0.37037037037
0.575163398693
0.333333333333
0.181818181818
0.333333333333
0.179487179487
0.46511627907
0.420634920635
0.479674796748
0.0666666666667
0.432098765432
0.0606060606061
0.572769953052
0.509803921569
0.567796610169
0.435897435897
0.166666666667
0.45
0.166666666667
0.579365079365
0.0666666666667
0.357142857143
0.388888888889
0.479166666667
0.396825396825
0.222222222222
0.208333333333
0.474747474747
0.544444444444
0.575063613232
0.259259259259
0.133333333333
0.567430025445
0.531531531532
0.121212121212
0.462962962963
0.185185185185
0.0555555555556
0.142857142857
0.125
0.230769230769
0.538011695906
0.0740740740741
0.536231884058
0.436781609195
0.590717299578
0.30303030303
0.242424242424
0.53216374269
0.436781609195
0.34126984127
0.166666666667
0.52380952381
0.422222222222
0.579710144928
0.5
0.492424242424
0.383647798742
0.571428571429
0.355555555556
0.622222222222
0.592592592593
0.58024691358
0.601960784314
0.448275862069
0.537037037037
0.309523809524
0.625429553265
0.62091503268
0.515151515152
0.283333333333
0.354166666667
0.40350877193
0.496124031008
0.311827956989
0.590643274854
0.60348583878
0.348717948718
0.315151515152
0.516666666667
0.296296296296
0.444444444444
0.208333333333
0.496453900709
0.411764705882
0.604938271605
0.25
0.190476190476
0.544444444444
0.283333333333
0.25
0.155555555556
0.392156862745
0.594202898551
0.185185185185
0.474358974359
0.606060606061
0.166666666667
0.6
0.386091127098
0.263157894737
0.537037037037
0.541666666667
0.185185185185
0.599462365591
0.485714285714
0.333333333333
0.416666666667
0.1
0.291666666667
0.521212121212
0.0
0.277777777778
0.364779874214
0.354166666667
0.3
0.212121212121
0.222222222222
0.222222222222
0.40056022409
0.44
0.495238095238
0.541666666667
0.280701754386
0.410256410256
0.357723577236
0.56038647343
0.450980392157
0.2
0.488888888889
0.57037037037
0.31746031746
0.229166666667
0.422222222222
0.472222222222
0.320512820513
0.222222222222
0.404761904762
0.324929971989
0.309523809524
0.3125
0.46875
0.229166666667
0.570570570571
0.633333333333
0.2
0.259259259259
0.121212121212
0.444444444444
0.222222222222
0.568376068376
0.453703703704
0.166666666667
0.376984126984
0.566210045662
0.378787878788
0.282051282051
0.166666666667
0.526315789474
0.587962962963
0.407925407925
0.5
0.576227390181
0.133333333333
0.282051282051
0.486111111111
0.5
0.558558558559
0.21568627451
0.102564102564
0.436781609195
0.461538461538
0.473684210526
0.461538461538
0.413978494624
0.580858085809
0.366666666667
0.111111111111
