2.6235748144
2.85466742007
3.36532383486
5.12538514034
5.98095316028
6.9588592446
2.17414706645
0.0
4.58866636638
3.46549021673
5.45213520675
5.77083072136
3.56406145038
0.321125624664
1.76469695788
4.5124060061
1.5425624395
2.42090269925
2.68793646835
3.40431104239
1.99418087214
2.95904499954
3.46130418536
2.18853360472
2.82258174881
2.46654755283
3.49301007369
2.05329014264
3.1851808305
5.46955950823
2.94332784317
1.55595836511
3.37407886671
2.75165836373
2.92449966495
4.49422640558
3.73350981445
2.07901833909
2.77155007453
2.31366205604
4.27377764081
0.0
0.998950483187
2.28627203378
2.20320719945
1.41606374835
1.25397088288
2.15800953396
4.05541618146
2.30227637518
2.51164617778
2.68611022308
3.65658971909
1.73259402192
3.2195215869
2.01079842976
2.68270703908
4.28227822306
3.76300237856
1.51465170581
2.68815032758
3.28661776038
4.83051552986
2.51371984979
0.378090847523
3.52825534633
1.29350005913
1.18400584214
1.99236138999
2.05718906995
1.55279164922
1.94219499643
3.92001700133
0.917954093113
3.51920551897
2.64257189982
2.26732083066
2.42142737887
2.51624361759
3.33621497
3.01544245009
1.25610604204
1.77734157163
2.00574258426
3.32466449496
3.66826806234
2.28826774052
1.51053428379
6.57177175229
2.6642636423
5.1893544859
1.61666696006
1.12971193538
3.76041557157
2.11677649389
0.94852188975
2.45589638784
2.66837248327
5.43264161691
2.76989157734
4.26273689267
2.08526338995
1.13167087701
0.879438245454
2.10011100974
2.39724500157
2.06574299564
3.00423520698
2.2535348227
1.00490015952
5.09369337807
3.23057163207
2.84165222346
1.96547707632
1.06827973897
1.60267165267
1.98433123443
2.22801473836
1.24820443462
3.73101492716
0.0
0.812345307697
1.16541663276
2.93905940913
2.44292091943
1.94254169912
2.72412786867
2.12610380782
0.555869982836
2.1468741504
2.39201031771
4.75788215168
4.20230874517
0.845436948039
2.89303555637
2.81701052089
3.20978612759
2.83987814329
1.95155391616
2.12914543162
3.25126009674
7.52463964474
2.80118352319
1.57988529326
3.87157162975
2.4033336994
3.38484987538
0.882982720177
0.499020430407
0.949687963707
1.86681872773
0.0
2.61711148883
3.13738710551
1.92444226923
2.35851088858
0.968826428559
2.87098059879
1.53977282877
2.54038132112
3.79151696471
3.06880582597
3.17667336116
3.16233820787
3.99452835911
3.67678346623
1.90283627569
2.2499963271
4.5536133098
0.545323295272
2.10884748874
2.77409541329
1.80717713751
3.03191808819
2.86224549842
2.30867296569
0.809390690079
1.68352107612
2.28896553214
0.784319096625
2.87337916392
1.7819684869
1.78161946588
1.493084706
1.67298315659
2.77413252275
3.16419036287
3.2186903796
2.67784638464
2.40732136515
2.79930767427
1.96443254777
3.35364750831
1.66402286482
0.735983134721
3.68073643015
2.10690524464
2.78442071881
1.57359314246
1.86874727105
3.81803775097
1.90694732467
1.86178823834
4.93711660586
2.26118306565
2.45102853211
0.901728595576
2.36956696549
1.9142014636
1.89063331937
7.85459542873
0.0
4.18199268765
2.30352787698
1.39113734686
2.08591253523
2.03518144133
1.64888763746
4.69736755966
0.636117783814
4.56836587445
5.17913514782
3.69544210445
0.781028545036
1.07565918189
4.19089981759
1.66812359988
1.57032522249
3.3343231057
0.968724760346
5.12416688029
1.93515026793
2.87557125488
3.03598637312
1.8819612991
2.27253127662
3.97905819374
2.45447180361
0.853468652146
3.48872514425
0.426982298838
1.70290503319
4.57209524895
1.73174871308
3.3942600306
1.42701298607
0.921959268634
2.14593531875
3.73990861241
1.01180031971
1.61439799535
5.25508076329
1.9056289765
4.13972232813
4.32839686998
6.81832736034
2.69257938344
5.87551123353
1.68899070009
1.12057574289
1.11648863508
2.21565608586
7.97373135708
1.01821377853
1.44646540091
2.16182117839
1.4728034873
3.65584270548
3.39742110026
6.77904363963
5.07287191555
1.13232999192
7.38332268893
1.12801769557
3.2399417384
1.97747301047
2.8587996028
1.00740098475
6.52460887647
1.02395660831
2.62908824612
1.83710425648
0.82912606692
2.9519688791
0.0
2.93718190405
2.35941406565
1.3778523599
1.6623561414
2.88607924153
5.67258433385
2.52731284639
4.79374324615
2.91840691378
0.755029180615
3.0003305807
0.0
4.06069524644
0.596486138678
2.51034006696
1.60132530335
5.07960945223
4.99638465926
0.190139923388
1.86945308922
2.82582807189
4.79932706114
2.18710898613
1.48406051214
2.84152165938
0.710781725948
3.95292965053
4.88779759199
3.43346446428
4.47834523959
2.47240390085
3.12144612716
2.14242908289
1.0844453914
0.88885128143
5.29684180322
4.31716835491
3.12734315075
3.24427045681
1.12163629558
0.923698837319
2.83319874414
3.57379250906
0.273670689501
2.96319233897
3.07508533346
2.58283369945
2.52197353359
3.37106493797
0.779051681007
2.1433675224
2.9802325058
1.76122601123
4.37946195909
0.311391695536
3.20147901452
1.34933186532
1.41679822642
0.516301569648
0.758801716311
1.22493583528
2.41182378371
3.99680979694
3.87459345229
0.449065585989
2.76224651288
2.75395771658
1.11830382394
1.89923098808
0.842852819207
3.65652766767
3.21524630851
2.11552106697
2.64285381945
0.395973120205
5.43638697156
1.81734413697
2.9461254701
2.09845405406
3.29031105015
2.85861703571
2.25311212729
4.07037598935
2.83342449974
3.04067347301
2.20600549527
0.0
1.65015732525
2.7597777517
1.76828126939
5.73005993769
1.0770007463
2.57268729292
3.71391108971
2.60662707272
2.14531111442
2.63925230482
2.98223031507
1.75014836531
0.229418949295
4.12708005016
0.0
2.19201466754
1.85405912624
1.41801518612
3.43356012193
1.44504477652
3.2421467223
5.77361684736
3.87255379284
3.31995696364
0.251624181307
1.85806403301
4.20828930625
1.89004753774
0.0286276703781
6.038346046
4.10254103212
1.07076319128
0.612203354952
2.40214259891
3.88549861663
1.95052064398
0.788167115752
2.36104469049
2.26047691084
2.38893599601
1.16131566025
2.32619669119
2.01549564842
1.06050556747
2.29021100267
5.09407174683
1.48955925446
2.18544831137
2.81440340464
1.65425123646
2.16394752299
6.54895241037
0.278329410326
5.0354298353
1.40080172826
3.06559883148
1.93942760884
2.35399318605
0.447784378382
1.73783915327
0.760617635321
1.5147269699
3.25653521104
1.88741822129
3.23660281153
3.89297387468
1.10764222332
1.84305191245
2.54287934941
1.64763538104
2.6273923788
1.26792468437
3.09786696284
3.49439635337
2.57856551547
2.15839780797
3.44961307398
6.7849106993
0.307247273862
2.13170729259
1.56189791731
2.60102600955
1.11573624872
1.38634519145
0.496658157858
4.16577014509
3.09629763414
1.12809264139
3.11816201758
0.555275128036
2.5413236368
2.06017590492
2.28229642238
1.7671034651
2.12135503022
3.37937535257
2.58244915012
1.33443844066
1.49252031327
4.5342476808
0.90933167258
3.83970412859
5.54148098017
4.57630411624
1.63009981791
2.67609943907
1.94009787509
2.53790734714
1.84877387408
5.40351291148
2.15650683017
1.36026222299
2.04845236618
4.2449456539
2.63450817269
7.41529592305
2.09928156683
1.99210632503
1.95562659303
2.39349357903
0.19339819293
2.01472168872
3.98258065163
2.11963659353
0.0
2.09542247878
0.574159922168
3.40510170768
3.27240612993
1.90622463972
2.36170552778
1.38924572703
3.15927808047
3.16636934942
4.88675673359
5.0537277551
3.178691112
2.53491178219
1.10945983945
2.45004875991
2.27327814106
2.07900135011
3.97631788028
3.68536210487
0.456972435519
2.96056853991
1.48051221598
2.04783380951
1.38866769186
4.31176012947
3.89343168061
3.10645862166
2.38161170956
0.474698852417
3.23915820903
1.85118403912
2.31933159279
1.43418079417
1.13699738104
1.97785543114
3.27637903793
3.78737011943
3.2896086793
2.51654902069
1.4542417815
1.46477776921
4.69508693907
1.88364614668
3.47691970301
3.06995700681
2.84243603466
0.49599309574
0.648829935491
2.26771012137
0.344049364185
4.80381109177
2.08723742722
0.707556703415
2.2504075471
2.19205091788
1.72849054642
2.01630830384
6.41141383941
1.75934530404
1.88377148393
2.47372388585
0.536269214472
5.5346778865
0.291671158407
3.53448337345
2.72274572041
2.43624834794
2.91745681134
0.591610930525
5.4867687131
1.79076391669
0.940469705832
1.44220573222
1.76681678413
3.66325111588
3.50723443864
1.30721831758
2.60941955911
2.18575102969
2.71848721297
1.63057701057
1.6279209758
1.20974551411
4.29579134975
2.45090310985
1.43963342037
3.0941476093
0.0
3.11650701726
1.2283585702
1.018469255
0.149243283987
3.53274280663
2.18999105064
1.91585575084
1.2239240666
2.24300620561
1.53526690363
4.27144375247
2.27625683451
3.7832977816
6.1648671603
4.17490403594
0.945412616846
6.1280270381
1.00499035082
0.99733235014
2.8730367692
2.56329795631
3.60465201405
0.998176258493
1.26388953555
1.30107424195
0.985791783922
3.46065709213
3.19464279648
2.51832012801
2.59859398099
3.28601595619
3.30671054557
1.89873559072
5.0350903471
1.81118692678
2.97744174487
2.29796314051
1.41230709887
3.5976719472
1.20453636414
1.02348829497
5.46471887973
1.92099648237
3.41525097298
1.18455213559
3.05243271884
0.794501399522
2.59162274269
0.15223906537
2.24388819409
6.4156164695
0.139604760813
0.0
6.6299646817
3.62148867782
1.56159009299
2.05171996687
1.24274475947
3.80042639359
1.22310811503
2.06540752188
3.32284247339
2.19143693254
1.10786264736
4.96305771739
2.43622789511
1.94883628595
0.504748060419
1.19904483584
0.882512656388
4.46068795014
1.8935155694
1.41210611216
3.81427435029
1.81348561567
0.296148577126
3.54424264271
3.46221185504
0.0
2.42819321056
1.60383157827
6.48914872809
1.49517994908
4.32636918131
1.49563951081
2.28438769519
3.32655398402
0.406367725042
1.13063004119
3.82093923758
3.56066381308
5.8037100569
2.88186555514
4.24315298147
2.29117961545
1.51353106282
3.01766560389
1.72335789078
2.69693916268
2.09300858764
4.01532590176
1.03081541751
1.71076461946
2.36318500841
1.30758182397
1.36045480449
2.24306551577
2.32858330027
0.665354073442
5.34438808449
1.09030293805
1.87664418028
3.07969902086
4.3588897565
0.836585618163
6.49624384063
2.63033838865
1.64033908211
2.49221981217
3.26731929782
1.86219642575
0.803917949449
1.21678912099
1.84886221219
1.71332028731
2.41583247914
2.5788586346
1.93756020332
1.03504329066
0.991703056122
1.44637987286
4.57006283485
0.60554416759
0.315763328981
2.06082316155
1.47324875876
0.529879831574
1.78516025366
1.20353877745
2.09789740432
1.67314810804
2.62867158579
3.22738771583
1.62697487655
2.50158749072
2.3253354165
2.20789227495
3.19661166344
2.61531568688
1.40500837379
2.7962260629
2.13947367766
4.03415881786
3.16524172653
2.17076108526
1.35510930534
1.27479050281
4.00911954311
1.84936984499
2.47837755035
1.14716704786
3.56457487633
2.9853162218
1.68289066918
0.528528639829
3.08354396665
3.97782751592
3.81848176259
0.7354833175
2.22657850385
3.65136988134
1.90378907346
1.50864082505
2.78369683162
2.87948750556
2.44885178451
3.91906090083
1.81945061465
3.61588991032
2.48099884096
0.867756207466
1.9182251079
0.93080925648
2.17995466275
1.65103775747
1.37936830896
4.82090881168
1.06590636304
1.63816675626
4.81598215964
0.798244200984
3.49324049411
2.78565383871
2.7349662419
2.94759721837
1.5061262595
1.85144382118
2.29990572185
1.74017622868
2.50381605028
1.04437347483
4.01511573339
6.84532457675
1.87962713107
0.432231782818
2.29294597181
3.24258850105
3.52519437617
6.86023561281
1.53882052697
2.70209984937
3.63866389461
4.31122861727
1.97697267717
4.59840175786
4.08239889124
5.56668259045
0.0
3.11329355704
3.6565506701
1.35206863365
2.80917863278
1.72631436929
1.27713692333
1.30526164132
3.70478887092
3.88250123185
5.00049634415
2.16502709322
1.07132406888
2.30310366606
1.34254325581
0.849465753588
4.35188012981
2.91211294112
2.44190689668
1.44879125237
2.02485950612
2.31357995886
2.7884150412
0.594921647702
1.26635186577
5.38764748588
3.62039704898
3.82865982084
2.0698274276
3.09353608955
2.57994376102
4.63765605715
2.47885726676
4.67841246249
2.28593774617
1.75993765688
5.01732287251
1.42559096214
0.512050613734
3.16496885468
1.69630806744
2.26427792125
1.73341224424
4.48828007377
3.43356247942
5.51096389709
3.9402699828
5.30125943787
0.814765271543
3.23177625049
1.54304147885
1.11597429999
3.30737920871
1.02574287436
0.578621506002
4.78482359641
2.34037368578
5.10234400707
3.32168172904
4.97766658829
3.42645840478
0.0
4.0578881118
0.925683597161
2.15424840802
2.2495582297
3.75684892692
3.46040570677
4.21743023777
1.93414130124
4.62448098071
2.21614205662
2.24359322202
4.0654918049
3.52174718445
2.27970787605
5.21594263798
3.43036039121
3.14042378221
1.0682398159
0.772570415611
1.55186572974
1.03552657892
5.11199323969
2.13070857405
2.34506650296
0.0664872260681
2.10282358957
1.14454703234
3.68469751526
2.43785149518
7.19617788281
2.0503266895
0.319177114404
2.58362795359
1.30783901655
2.56080939507
0.445514731432
1.33810198672
1.71021591641
2.01300363664
1.71865088817
3.07184430738
1.11911410127
4.69340138609
2.00410420911
6.14325828655
1.51685379928
1.9144053365
2.69228129076
1.10590450739
1.3632255399
2.88531644434
0.944231273669
0.464659237281
1.99572205256
1.33109657265
1.50667880442
3.18487569345
0.993103348837
2.30180903273
1.2457670124
2.11613386747
0.942183456503
1.30288157967
2.27556421172
2.87049687397
2.9122152741
0.33389583365
1.87613008207
1.89774212041
3.31276001714
2.10280200528
4.92781394283
5.63505791449
3.56937403232
3.31464214227
2.69649407598
3.81168021922
2.56365782884
8.93021841501
2.48111496848
2.39867597065
1.73022370871
2.67307012657
2.09277485705
1.13996736328
1.48181535487
4.61315415117
1.50177730306
4.52097055012
2.70421880668
2.58889698268
3.95981947402
4.16257848694
3.27506304543
1.94093893217
1.72467873731
3.01198855795
1.25924137721
1.94723142669
3.16150205709
1.74103982225
1.7037829973
0.670450451005
2.51032677346
1.74759528686
1.89127322205
1.81060947483
2.39538682372
4.62162880097
1.33619019867
2.0254834549
2.64053618116
0.794445789105
5.17330056661
2.89270851688
3.40669369284
2.18208564048
3.36931757455
2.32694188653
2.67259861386
5.81157336536
2.05692989445
2.20927792302
0.74908718934
3.80932897527
2.41667529761
0.0
2.08069003883
3.09535401747
0.928176050464
3.38217857245
1.98373025198
2.87313142134
3.00655098041
2.36444447314
6.08151741374
4.34292510841
2.43353565016
0.936487387371
1.9305258471
2.33892394737
2.57505316082
2.38347608668
1.54281147516
2.19386176696
2.77171034332
2.46972561479
1.72611141922
1.88852849771
2.93689478088
3.17384188464
0.707715062562
2.92569702174
6.01453313863
1.76996709333
1.2503418983
3.20313053338
3.97708542989
5.21559288152
2.08552808776
4.54435427302
2.69173837902
2.79527379143
2.39819578109
2.18695950664
1.37052931153
4.50545306199
0.890159185545
5.0750845622
4.20893989554
3.99991383483
3.98793572095
2.03940414404
5.48382688696
2.75525641593
3.66846131323
3.0152231068
3.16041870816
0.310893539136
0.246340716569
1.2046781942
1.75703515992
1.7605860343
4.19297440137
0.506373290874
2.50951406876
4.43074877892
3.39670847829
1.19342821572
10.0128332805
1.66403764058
1.33070713484
0.587761701151
