2.51664329484
2.28299429856
3.58934100036
2.89839805515
4.06353253607
6.16772212323
2.29358759671
0.0
4.2442232133
3.2068594014
6.14031986295
5.57273648208
3.60122434358
0.0467958000131
1.83374256068
4.80171472089
0.873542290616
2.52040510093
2.66620064347
3.42335426342
1.69710984574
2.81990642863
3.32320952475
1.80278614907
2.7788899238
2.6951006963
3.87526685723
1.86510012099
3.07743768526
5.71121268507
3.08655048614
1.75865796099
3.3910726372
2.57808415452
2.72545963722
4.39329235647
4.07471545141
2.16868745044
2.78583080822
2.7476309551
3.62694039033
0.0
1.08367837389
2.04571927148
1.7663885774
1.17563403461
1.3715065466
1.95331186643
2.83269733674
2.18500862643
2.43409661662
2.47119386666
3.57834193693
1.68478676104
3.07726425317
2.27200090661
2.82920694191
4.24764082095
4.0977911662
1.62908648199
2.79068471763
3.25467244936
5.30193201989
2.3490757209
0.346016074719
3.98781815862
1.40459604369
1.26193569116
2.21568838884
2.22854620136
1.82187538257
1.556361239
4.08867986201
1.0067901816
3.8527659593
2.91896447972
2.32542729263
2.70148718614
2.04257059987
3.49761387921
1.92882821642
1.67224639423
1.95519833049
2.37147113862
3.39637193713
3.95280670472
1.89392826994
1.60530534391
6.67585027366
2.35013583551
4.56977457269
1.09957460415
1.09024748517
4.70405555801
2.06273754189
0.952329859749
2.40068959986
2.94756295534
5.49033688637
2.85236478732
3.80066746918
2.25216718608
1.10161090547
0.56827429428
2.0531308135
2.25109623795
2.1415921976
3.14046431059
2.33602072391
0.797254409582
3.95545812431
3.28325797144
2.86604547439
2.06377055507
1.01273985219
0.96984677191
1.6661628416
2.20031001891
1.17085901622
3.6542673694
0.0
0.631881673775
1.17626054491
2.82960631841
2.57577099173
2.60902001844
3.84336598381
1.90278106798
0.439750670498
2.19469897425
1.52863852805
4.96019633034
5.07958259363
0.78093223638
2.61038907022
1.87219397499
3.4954719012
2.91135882723
3.10303869989
2.31857958893
2.98352643354
5.29729668445
2.79635403109
1.45848867558
3.4825544392
2.78948929493
4.12623939186
0.714218828533
0.720513602857
1.51609275769
1.8449703642
0.0
2.45013568334
3.04804457676
2.07567910311
2.62890555516
0.981703016132
2.52295416552
1.48201621605
2.252321616
3.50259917722
3.39021663295
1.86390265791
2.96706549572
5.34117555739
3.41096405124
1.6726252219
2.57212064831
3.34116299898
0.395672241601
2.31067899655
2.30417952063
1.84919098283
2.9359162115
2.92440090852
2.22007230939
0.715711848076
1.80768022315
1.2304024935
0.507280495182
3.01818047595
1.53959510306
1.55982334256
1.44393470697
0.989273497777
3.29377246745
3.05997679304
3.027344468
2.10454871665
2.35507707921
2.62095865641
2.09252332983
2.80124612257
1.60765668722
1.0027868007
4.26808064581
1.94391597444
2.54851994629
1.21651249091
1.58667685729
3.85873927509
1.91341433018
1.79337855312
5.12939946702
2.07849541721
2.47900775983
0.944203206011
2.31766479193
1.84005295872
1.84320954443
7.97419382382
0.0
2.71050462486
2.70386472588
1.59239698983
2.08542414454
0.960481792179
2.04332689126
4.70419411016
0.47313619675
4.92903772475
5.49821389253
3.83605921902
0.926661666769
1.2630597706
4.55921344581
1.55390416896
1.5279203321
1.48691962169
0.994135648832
0.97781938148
1.93540629561
2.79743935138
3.01970685263
1.4959294288
2.47394472212
4.1633023769
2.48703100372
0.565370113928
3.73795795806
0.445232640329
2.18032248228
4.48312297721
0.957068765779
2.7911219675
1.58574135186
0.941439882769
2.62325762376
3.6700237319
1.4144787637
1.77960183797
5.24029495835
1.73475379121
4.33018410955
4.45667898614
7.08511543017
2.62712705562
5.08914157914
1.63714922075
1.03343868345
1.28742520127
2.11963660631
7.5438984757
0.629824624239
1.93878329133
2.11076688005
1.36408456831
3.70006637454
2.44887700442
6.46896883075
5.39481787699
1.20385396814
5.55256824664
1.48126606429
2.96790295291
2.10477716684
3.25814490193
1.17142530296
4.06405475034
0.898277156968
2.52910874393
2.0451022123
0.756439617377
3.3798603725
0.0
3.4489333108
1.88187685046
1.53512623326
1.30696974039
2.803748487
5.09178277097
2.57508006869
3.88345834952
2.92859162391
0.841554689934
3.23364695695
0.0
4.08210247751
0.576954650965
2.57930912715
1.09546558759
4.91595310935
3.12843877449
0.185942372133
1.82724231052
3.09401671135
5.34842988004
2.68786148376
0.690474762333
3.12771851266
0.60257794145
3.9154019069
5.72129175895
2.99977611679
4.89787498818
1.7918476033
2.76482146889
2.24095068031
1.08562289525
0.832303117896
5.40858984087
4.04147996447
2.77818211738
3.83451902833
0.961028606418
0.850018100597
2.77505878158
3.38213026141
0.232773904334
3.62339452852
3.32342105431
2.75785085105
2.1326542194
3.69234362277
0.620868587701
1.89834287223
2.70901335399
0.960409544997
4.67458261331
0.308949956196
3.50591872116
1.38985539904
1.38463485405
0.622844433293
0.357361005128
1.04443757496
2.83840288366
4.241133463
3.57004120955
0.447944207886
3.35786478944
3.07099037048
0.873655719954
1.04103212238
0.657444393437
3.30971837693
3.24256117428
2.37888564684
2.26641287045
0.26628783227
5.17309462853
2.18370771673
3.52720879432
2.59888349928
3.13349432853
3.61527934477
1.73843776268
3.5722170668
2.65225139613
1.50743473291
1.98845020985
0.0
1.81913477737
2.77630300035
1.77978185208
5.72788798209
0.990550405621
2.73936401535
3.41612002139
2.35035984053
2.39147579141
1.77432244526
2.47954409371
1.87237142494
0.214100471388
4.02146816059
0.0
2.27304220232
1.91280560244
1.55362580427
2.0221478969
1.48467376343
3.02387394794
6.01721195698
3.65609275415
3.04936844173
0.197273003954
3.40115518114
4.41683672344
1.93539831477
0.0213548851143
6.16260037818
4.21921420808
1.81412305697
0.848054588521
2.40534490245
4.60146114095
1.87833646287
0.800292950014
2.53300993448
2.1200862643
1.65170670265
1.74605718429
1.89418689942
1.21073378482
0.62695470354
1.85655138514
5.07932078955
1.42005095125
2.13685924835
2.49356270151
1.709807516
2.19293253708
4.64336823585
0.251359452575
2.77262288558
1.12429406682
3.1100967995
2.13679903601
2.62292305626
0.240952842766
1.70070879578
1.01634994761
1.43302228605
3.24097992153
2.06701249995
3.11133761655
3.81607354037
1.20058703677
1.67067481659
2.49892711118
1.57940958674
2.47632793703
1.11453313903
3.92967582147
3.38291443414
2.9660029204
2.15220463468
2.878782236
6.44005325961
0.444452534349
2.00331871771
1.34923271601
2.4896350795
1.09193984642
0.610723124963
0.960736715952
2.91954644272
3.77633651245
0.979960374488
3.6335257087
0.82256224891
2.55954232145
1.82192346567
2.42606949606
2.18753602665
2.2887527086
2.66497580584
2.51981667997
1.19389825831
1.63896673903
4.4209197052
0.929376470491
3.47565908285
4.36869263213
3.56449464689
1.61759777838
3.35348403892
1.82748555684
2.98652669477
1.94929454986
5.93717452677
2.03271348642
1.39020707838
2.03458649
4.38759332534
2.64439456763
7.45428387012
2.70125960611
1.48922684045
2.05011777032
2.13489019331
0.231049914456
2.14831183044
4.98255583215
2.05144323433
0.0
2.31112623365
1.18437015781
3.39909675273
3.38566009937
1.20860814692
2.17252840467
1.52904727174
3.28782871737
3.28459778097
5.93400447568
3.95923439325
2.78432624494
3.06901451553
1.33112104818
1.33800696784
2.469460484
2.26570537067
3.68740809756
5.11141622184
0.597297352345
2.39792296982
1.69555532842
1.90690441757
1.18872075981
3.72907326738
3.63026823006
3.19021464635
2.79339718622
0.638740134129
2.6154982581
1.89107497599
2.25515426969
1.40238303402
1.17280296029
2.23770264326
3.10895258094
3.15264095514
4.0034420941
2.21334119731
2.06933815059
1.29832217908
5.0907447625
1.90497455712
1.48300494391
3.05542549172
2.60884635539
0.334288163543
0.751736284205
1.46096737576
0.211026382199
3.73093702699
3.53560018877
0.704109829485
1.87762704881
1.57624466157
1.93803659009
1.77639413213
6.72186756904
1.67746297645
1.65143054444
2.90609868178
0.498585237553
5.61403662725
0.264813812409
3.67454957703
2.21930575201
2.44953025008
2.6330223548
0.588927086515
5.56767642669
2.36820823356
1.00883115413
1.42832532177
1.86897635842
2.04473902208
2.41458041148
1.46579328253
2.57578139145
1.98645020833
3.24290665819
1.78474787449
1.33890489987
1.10980654819
2.93010569322
1.89099186687
1.35723580405
2.84255099925
0.0
3.04017970666
1.09355052985
1.20709964889
0.455133155573
3.46240944207
2.40949160382
1.88036859554
1.13807396182
2.16794119837
1.30425668099
5.09858620222
3.28444321872
4.141211303
6.02562691314
4.18922525109
0.483813255881
4.20680888285
1.63325750087
0.835671941235
4.58701541916
2.96517585586
2.69948137276
1.1645453909
1.06801607258
0.798736782812
1.06864650544
3.03606067194
3.38055150696
2.27727897356
2.43841452338
3.45192226045
3.37911298919
2.75909975595
5.92548296447
1.97793246916
3.09360263986
2.22122711123
1.31052000542
3.70460037865
1.42248630841
0.576781877062
5.23557666629
1.88228451325
3.81890114471
1.3025045787
3.49135584284
0.821373592221
1.43992156442
0.209808089923
2.36386771502
6.5959709138
0.124730296539
0.0
4.84655247477
3.62769754981
1.46094016792
1.61499430325
2.3334616439
4.20722991364
1.77983173439
2.7504094009
2.27512952731
1.98581465176
1.0566804151
4.95561687341
1.43884329029
2.26796675149
0.703075889103
0.936493374188
0.44106886288
4.97974151745
1.59813724603
0.881025181746
3.83837262557
1.84944669906
0.212848302055
3.5085311849
3.52569159957
0.0
2.41301100186
1.53088316309
7.04035325834
0.860133300894
4.29642173527
1.59944999287
2.22059009655
3.22068091467
0.356419831489
1.06016366241
4.0000835455
3.47578666047
5.98035968048
3.0747967576
4.61479361014
2.36058244071
1.51002933168
2.33414688515
1.39014809707
2.69727712121
2.30961595473
3.26771541892
1.02501742348
1.89615780508
3.29704944382
1.0974486854
1.09824121629
1.44589478517
1.58280143297
0.904751680716
5.392601875
0.482639267743
1.75135865399
2.91609831303
4.30106971879
0.719259930224
6.29047703107
2.32487537438
1.60158796867
2.47163465028
3.49865327813
1.9226949357
0.828595103118
1.2086599966
1.96202383935
2.0503794481
2.5331226552
2.0960979419
2.01918047198
0.735179788634
1.28894600046
1.24675692021
4.90645214795
0.434097108071
0.351705773158
1.74110095362
1.55422832474
0.667402981459
1.800153646
1.15102083726
1.88805763753
1.83985775749
2.65230077824
3.21407766832
1.17825276422
2.43395280366
2.85841829987
1.89985841368
3.34570088918
2.90776117768
1.86021567324
2.70745681147
2.546555205
4.56940236777
3.34097855702
2.17702849379
0.987018426544
1.17992051872
2.20787986588
1.85606002824
2.8475089044
4.29855549334
4.35331318765
2.85577206061
1.63621801512
0.64588849865
3.15818248921
3.98118341166
3.97442044344
1.10798758602
1.98459765592
3.90883446783
1.84540687599
1.59998991537
2.6293609163
3.0532003157
2.4352684196
4.4829113451
1.70958467892
3.56787881702
3.59892185313
0.919745229528
2.30033182609
1.2680261018
2.42650036908
1.72667420835
1.30035064525
5.10053053614
1.81718287496
1.0165892437
4.97423252478
1.68523903713
4.39564357172
3.64864082459
1.64803839686
2.53317006203
1.80482474595
1.99370779841
2.34448646993
1.71631042456
2.51690322425
1.26346605734
4.0591142184
6.6696118729
2.05493753237
0.470856180708
2.06246075605
3.5006785854
3.86842928955
6.45169873368
1.31624188168
2.68208134621
3.8926586818
4.24599449345
1.16041277258
4.55376494963
3.96926175669
5.76700529736
0.0
2.61879848583
4.12180326432
1.20110218758
3.11133233306
1.85436416998
0.813562884631
1.59649322421
3.85252810732
4.84882734304
5.04878613215
2.21450298008
1.14656146644
2.37300127086
0.773545066068
0.670924896907
4.81019436461
3.11118737095
2.52879078172
1.3354526477
2.13648629114
2.09005400726
2.16396471748
0.745804912408
1.95161296565
4.28936019342
3.53482234088
3.78739657745
2.49804962303
2.15890314532
2.88015180101
3.40322236506
2.8876630874
5.02357070863
1.63643839796
1.5127963563
5.19907620657
1.38129358095
0.366316821897
3.10295000331
0.972059907837
2.05769048194
1.58045545381
4.20833115944
4.09723413862
4.40785851104
2.9740928077
5.74103048408
0.636497267345
3.60747077897
1.55327191089
1.12658825851
3.19021921246
0.99806268908
0.537245990037
5.3198302898
2.08784608137
5.17303951442
3.75787229603
5.62471776715
4.15768550177
0.0
3.52936478309
1.17339260695
2.47003728238
2.31090293419
3.80808118223
3.42640324222
4.480184803
1.95499755556
4.50271071871
2.0932156199
1.34670639677
1.74991636098
3.33267412434
1.87191981213
5.11984205765
3.63453292266
3.37934722461
0.992723025633
0.952524438179
0.890998756377
1.20559219358
5.21620341559
1.56812079323
2.39858653218
0.0431586667044
2.05754899205
0.921436364535
3.99172973918
1.13374078807
5.45281763806
1.98517758924
0.598469717461
3.33124778817
1.29093335941
2.90614524207
0.44347846983
1.3193378184
2.12048270466
2.71731475217
1.57730990377
3.42200957921
0.752631524239
4.7073382961
1.76169361051
6.22904168193
2.03946924036
1.91336577998
2.34397041838
1.02082240626
1.24021255651
2.92949511814
0.892045367342
0.455088356109
1.74694116357
1.83716681573
1.53089273924
2.90582616146
0.931335502204
1.93359595818
3.46107333767
1.93296161515
1.65487844743
0.995389491923
2.38044092564
2.85957455708
2.38416339698
0.508814176244
1.9991355117
2.2297038402
3.20769054219
2.32817514934
5.23307237023
5.48974084023
3.62454306511
2.96474797446
2.86472667754
2.25927841862
2.22545393323
6.28008509762
2.63070289091
2.70082272617
1.23273687045
2.69312261714
2.07554707178
1.36298100738
1.36138498986
3.72314008001
1.64134641626
4.34178167099
2.9255181658
2.00358900873
4.01223118287
4.51819683533
3.72534717838
1.72845570974
2.46547393946
3.45831346406
1.02354373365
1.22432381336
3.10491902608
1.7113313998
1.77927863223
1.60099824359
2.55799718568
1.59732947528
2.21233388522
1.67707817939
3.01638764064
3.84859305819
1.64687725671
2.30172046189
2.54303493668
1.10306085554
5.46200662238
3.1205490074
4.09248028206
2.33152532032
3.86396699682
2.58051360088
2.72435428266
5.00055487197
1.76038449793
1.4481574333
0.604740540201
4.3956295252
2.3383015636
0.0
2.13422769724
3.05139646188
1.10461029059
3.40218065997
1.55860643594
3.24372632245
3.49663216436
2.23976171081
5.30037858787
4.62382041006
2.45740345696
0.990709637426
1.83519221238
1.80870537767
2.34139459119
2.06709467401
1.7598785844
2.489369229
3.0576895258
3.18016927106
1.48023099069
2.23743355281
2.67567874411
3.81766898511
1.12339605653
2.95589687529
5.57468897579
1.63505522152
1.07331590526
3.08698405188
3.59353266988
5.14124750812
1.98156898837
3.43693062705
2.65270776891
2.25581015091
2.42655774132
1.75165283667
2.06907333166
1.97946424974
0.971055125183
5.54368761682
4.45608770918
3.92783402266
3.62729863292
2.36107201278
5.45167953994
2.83073360063
3.57442172528
2.98938639312
3.31390205216
0.303141473306
0.844478205074
2.8719356902
1.9081047804
1.80813818011
5.47695372858
0.509810514599
2.67806516966
5.30968080903
3.16186364265
1.15101787134
6.33922630449
1.31296327833
0.717655706308
0.963794380322
